Operation,Q1,Q2;
Data,Q1;
Expand,0.5;
NotchSize,2.0;
Line,-41,6,-41,30;
Line,-41,30,-29,30;
Line,-29,30,-29,6;
Line,-29,6,-41,6;
Arc,-44,9,-44,11,-44,10,CW;
Line,-44,11,-41,11;
Line,-41,11,-41,9;
Line,-41,9,-44,9;
Line,-29,13,-29,15;
Line,-29,15,-26,15;
Arc,-26,15,-26,13,-26,14,CW;
Line,-26,13,-29,13;
Line,-29,21,-29,23;
Line,-29,23,-26,23;
Arc,-26,23,-26,21,-26,22,CW;
Line,-26,21,-29,21;
Line,-29,17,-29,19;
Line,-29,19,-26,19;
Arc,-26,19,-26,17,-26,18,CW;
Line,-26,17,-29,17;
Line,-29,25,-29,27;
Line,-29,27,-26,27;
Arc,-26,27,-26,25,-26,26,CW;
Line,-26,25,-29,25;
Arc,-44,13,-44,15,-44,14,CW;
Line,-44,15,-41,15;
Line,-41,15,-41,13;
Line,-41,13,-44,13;
Arc,-44,21,-44,23,-44,22,CW;
Line,-44,23,-41,23;
Line,-41,23,-41,21;
Line,-41,21,-44,21;
Arc,-44,17,-44,19,-44,18,CW;
Line,-44,19,-41,19;
Line,-41,19,-41,17;
Line,-41,17,-44,17;
Arc,-44,25,-44,27,-44,26,CW;
Line,-44,27,-41,27;
Line,-41,27,-41,25;
Line,-41,25,-44,25;
Line,-40,7,-40,29;
Line,-40,29,-30,29;
Line,-30,29,-30,7;
Line,-30,7,-33,7;
Arc,-33,7,-37,7,-35,7,CCW;
Line,-37,7,-40,7;
Line,-38,27,-38,10;
Line,-38,10,-32,10;
Line,-32,10,-32,27;
Line,-32,27,-38,27;
Line,-29,9,-29,11;
Line,-29,11,-26,11;
Arc,-26,11,-26,9,-26,10,CW;
Line,-26,9,-29,9;
Line,-40,7,-41,6;
Line,-44,11,-44,9;
Line,-44,27,-44,25;
Line,-43,27,-43,25;
Line,-36,14,-34,14;
Arc,-36,16,-34,16,-35,16,CCW;
Line,-30,7,-29,6;
Line,-26,11,-26,9;
Line,-27,11,-27,9;
Line,-26,15,-26,13;
Line,-27,15,-27,13;
Line,-26,23,-26,21;
Line,-43,11,-43,9;
Line,-26,19,-26,17;
Line,-27,19,-27,17;
Line,-27,23,-27,21;
Line,-30,29,-29,30;
Line,-26,27,-26,25;
Line,-27,27,-27,25;
Line,-44,15,-44,13;
Line,-43,15,-43,13;
Line,-44,19,-44,17;
Line,-44,23,-44,21;
Line,-43,23,-43,21;
Line,-43,19,-43,17;
Line,-41,30,-40,29;
End,Q1;
Data,Q2;
Expand,0.5;
NotchSize,4.0;
Line,-27,17,-27,13;
Line,-27,13,-25,13;
Line,-25,13,-25,17;
Line,-25,17,-27,17;
Line,-27,24,-27,20;
Line,-27,20,-25,20;
Line,-25,20,-25,24;
Line,-25,24,-27,24;
Line,4,29,4,34;
Line,4,34,5,34;
Line,5,34,5,38;
Line,5,38,8,38;
Line,8,38,8,34;
Line,8,34,9,34;
Line,9,34,9,29;
Line,9,29,4,29;
Arc,9.4142,13,9.4142,13,8,13,CCW;
Arc,9.4142,20,9.4142,20,8,20,CCW;
Arc,20.4142,13,20.4142,13,19,13,CCW;
Arc,20.4142,20,20.4142,20,19,20,CCW;
Line,14,29,14,34;
Line,14,34,15,34;
Line,15,34,15,38;
Line,15,38,18,38;
Line,18,38,18,34;
Line,18,34,19,34;
Line,19,34,19,29;
Line,19,29,14,29;
Line,25,17,25,13;
Line,25,13,27,13;
Line,27,13,27,17;
Line,27,17,25,17;
Line,-25,-25,-25,25;
Line,-25,25,25,25;
Line,25,25,25,-25;
Line,25,-25,17,-25;
Line,17,-25,17,-21;
Line,17,-21,15,-21;
Line,15,-21,15,-25;
Line,15,-25,12,-25;
Line,12,-25,12,-23;
Line,12,-23,-12,-23;
Line,-12,-23,-12,-25;
Line,-12,-25,-15,-25;
Line,-15,-25,-15,-21;
Line,-15,-21,-17,-21;
Line,-17,-21,-17,-25;
Line,-17,-25,-25,-25;
Arc,-17.5858,13,-17.5858,13,-19,13,CCW;
Arc,-17.5858,20,-17.5858,20,-19,20,CCW;
Line,-23,25,-23,29;
Line,-23,29,23,29;
Line,23,29,23,25;
Line,23,25,-23,25;
Line,-16,29,-16,34;
Line,-16,34,-15,34;
Line,-15,34,-15,38;
Line,-15,38,-12,38;
Line,-12,38,-12,34;
Line,-12,34,-11,34;
Line,-11,34,-11,29;
Line,-11,29,-16,29;
Arc,-6.5858,13,-6.5858,13,-8,13,CCW;
Arc,-6.5858,20,-6.5858,20,-8,20,CCW;
Line,-6,29,-6,34;
Line,-6,34,-5,34;
Line,-5,34,-5,38;
Line,-5,38,-2,38;
Line,-2,38,-2,34;
Line,-2,34,-1,34;
Line,-1,34,-1,29;
Line,-1,29,-6,29;
Arc,-26.4488,-25,-29.4488,3,-1.0839,-8.1216,CW;
Line,-29.4488,3,-26.4488,3;
Arc,-26.4488,3,-23.4488,-25,1.9161,-8.1216,CCW;
Line,-26,-25,-25,-25;
Line,26.5512,3,29.5512,3;
Line,25,24,27,24;
Line,27,24,27,20;
Line,-15,34,-12,34;
Line,-6,34,-1,34;
Line,-2,25,-2,17;
Line,-2,17,0,15;
Line,0,15,0,3;
Line,0,3,-2,1;
Line,-2,1,-2,-13;
Line,-2,-13,0,-15;
Line,0,-15,0,-23;
Line,0,25,0,17;
Line,0,17,2,15;
Line,2,15,2,3;
Line,2,3,0,1;
Line,0,1,0,-13;
Line,0,-13,2,-15;
Line,2,-15,2,-23;
Line,4,34,9,34;
Line,9,34,9,33;
Line,15,34,20,34;
Arc,29.4488,3,26.4488,-25,1.0839,-8.1216,CW;
Line,26.4488,-25,23,-25;
Arc,23,-25,26,3,-2.3649,-8.1216,CCW;
End,Q2;