Operation,Q1,Q2,Q3;

Data,Q1;
Expand,1;
NotchSize,3;
Line,13,-6,0,-6;
Line,0,-6,0,-8;
Line,0,-8,1,-8;
Line,1,-8,1,-6;
Line,4,6,4,0;
Line,4,0,8,0;
Line,8,0,8,6;
Arc,15,-4,13,-6,13,-4,CW;
Line,-2,0,-2,-4;
Line,-2,-4,0,-6;
Line,-2,0,12,0;
Line,0,6,0,0;
Line,4,6,1,6;
Line,11,-6,11,-8;
Line,11,-8,10,-8;
Line,10,-8,10,-6;
Line,15,-4,15,0;
Line,15,0,12,0;
Line,12,0,12,6;
Line,12,6,8,6;
Line,11,6,11,0;
Line,8,6,7,6;
End,Q1;

Data,Q2;
Expand,0.5;
NotchSize,2;
Arc,-9,-9,-9,-7,-9,-8,CW;
Arc,-9,-1,-9,1,-9,0,CW;
Line,5,-11,-5,-11;
Line,-5,-11,-5,11;
Line,-3,8,-3,-9;
Line,-3,-9,3,-9;
Line,-6,-7,-6,-9;
Line,-6,-9,-9,-9;
Line,-9,-7,-6,-7;
Line,-9,-5,-9,-3;
Line,-9,-1,-9,1;
Line,-8,-1,-8,1;
Arc,-9,-5,-9,-3,-9,-4,CW;
Line,-8,-5,-8,-3;
Line,-6,1,-6,-1;
Line,-6,-1,-9,-1;
Line,-9,1,-6,1;
Line,-6,-3,-6,-5;
Line,-6,-5,-9,-5;
Line,-9,-3,-6,-3;
Line,-9,3,-9,5;
Line,-9,7,-9,9;
Line,-8,7,-8,9;
Arc,-9,7,-9,9,-9,8,CW;
Line,-8,3,-8,5;
Line,3,8,-3,8;
Line,-6,9,-6,7;
Line,-6,7,-9,7;
Line,-9,9,-6,9;
Line,-6,5,-6,3;
Line,-6,3,-9,3;
Line,-9,5,-6,5;
Line,-5,11,-6,12;
Line,-6,12,6,12;
Arc,-9,3,-9,5,-9,4,CW;
Line,-5,11,-2,11;
Line,6,-12,5,-11;
Line,5,11,5,-11;
Line,3,-9,3,8;
Line,1,4,-1,4;
Arc,1,2,-1,2,0,2,CCW;
Arc,-2,11,2,11,0,11,CCW;
Line,5,11,6,12;
Line,2,11,5,11;
Line,9,-9,9,-7;
Line,-5,-11,-6,-12;
Line,8,-9,8,-7;
Arc,9,-7,9,-9,9,-8,CW;
Line,9,-9,6,-9;
Line,6,-9,6,-7;
Line,6,-7,9,-7;
Line,6,12,6,-12;
Line,9,-1,9,1;
Line,9,-5,9,-3;
Line,8,-5,8,-3;
Line,8,-1,8,1;
Line,-9,-9,-9,-7;
Arc,9,1,9,-1,9,0,CW;
Line,9,-1,6,-1;
Line,6,-1,6,1;
Line,6,1,9,1;
Arc,9,-3,9,-5,9,-4,CW;
Line,9,-5,6,-5;
Line,6,-5,6,-3;
Line,6,-3,9,-3;
Line,9,7,9,9;
Line,9,3,9,5;
Line,-8,-9,-8,-7;
Line,8,3,8,5;
Line,8,7,8,9;
Arc,9,9,9,7,9,8,CW;
Line,9,7,6,7;
Line,6,7,6,9;
Line,6,9,9,9;
Arc,9,5,9,3,9,4,CW;
Line,9,3,6,3;
Line,6,3,6,5;
Line,6,5,9,5;
Line,6,-12,-6,-12;
Line,-6,-12,-6,12;
End,Q2;

Data,Q3;
Expand,0.5;
NotchSize,2.0;
Line,-41,6,-41,30;
Line,-41,30,-29,30;
Line,-29,30,-29,6;
Line,-29,6,-41,6;
Arc,-44,9,-44,11,-44,10,CW;
Line,-44,11,-41,11;
Line,-41,11,-41,9;
Line,-41,9,-44,9;
Line,-29,13,-29,15;
Line,-29,15,-26,15;
Arc,-26,15,-26,13,-26,14,CW;
Line,-26,13,-29,13;
Line,-29,21,-29,23;
Line,-29,23,-26,23;
Arc,-26,23,-26,21,-26,22,CW;
Line,-26,21,-29,21;
Line,-29,17,-29,19;
Line,-29,19,-26,19;
Arc,-26,19,-26,17,-26,18,CW;
Line,-26,17,-29,17;
Line,-29,25,-29,27;
Line,-29,27,-26,27;
Arc,-26,27,-26,25,-26,26,CW;
Line,-26,25,-29,25;
Arc,-44,13,-44,15,-44,14,CW;
Line,-44,15,-41,15;
Line,-41,15,-41,13;
Line,-41,13,-44,13;
Arc,-44,21,-44,23,-44,22,CW;
Line,-44,23,-41,23;
Line,-41,23,-41,21;
Line,-41,21,-44,21;
Arc,-44,17,-44,19,-44,18,CW;
Line,-44,19,-41,19;
Line,-41,19,-41,17;
Line,-41,17,-44,17;
Arc,-44,25,-44,27,-44,26,CW;
Line,-44,27,-41,27;
Line,-41,27,-41,25;
Line,-41,25,-44,25;
Line,-40,7,-40,29;
Line,-40,29,-30,29;
Line,-30,29,-30,7;
Line,-30,7,-33,7;
Arc,-33,7,-37,7,-35,7,CCW;
Line,-37,7,-40,7;
Line,-38,27,-38,10;
Line,-38,10,-32,10;
Line,-32,10,-32,27;
Line,-32,27,-38,27;
Line,-29,9,-29,11;
Line,-29,11,-26,11;
Arc,-26,11,-26,9,-26,10,CW;
Line,-26,9,-29,9;
Line,-40,7,-41,6;
Line,-44,11,-44,9;
Line,-44,27,-44,25;
Line,-43,27,-43,25;
Line,-36,14,-34,14;
Arc,-36,16,-34,16,-35,16,CCW;
Line,-30,7,-29,6;
Line,-26,11,-26,9;
Line,-27,11,-27,9;
Line,-26,15,-26,13;
Line,-27,15,-27,13;
Line,-26,23,-26,21;
Line,-43,11,-43,9;
Line,-26,19,-26,17;
Line,-27,19,-27,17;
Line,-27,23,-27,21;
Line,-30,29,-29,30;
Line,-26,27,-26,25;
Line,-27,27,-27,25;
Line,-44,15,-44,13;
Line,-43,15,-43,13;
Line,-44,19,-44,17;
Line,-44,23,-44,21;
Line,-43,23,-43,21;
Line,-43,19,-43,17;
Line,-41,30,-40,29;
End,Q3;
