Data,Q1;
Expand,0.5;
NotchSize,2.0;
Line,-41,6,-41,30;
Line,-41,30,-29,30;
Line,-29,30,-29,6;
Line,-29,6,-41,6;
Arc,-44,9,-44,11,-44,10,CW;
Line,-44,11,-41,11;
Line,-41,11,-41,9;
Line,-41,9,-44,9;
Line,-29,13,-29,15;
Line,-29,15,-26,15;
Arc,-26,15,-26,13,-26,14,CW;
Line,-26,13,-29,13;
Line,-29,21,-29,23;
Line,-29,23,-26,23;
Arc,-26,23,-26,21,-26,22,CW;
Line,-26,21,-29,21;
Line,-29,17,-29,19;
Line,-29,19,-26,19;
Arc,-26,19,-26,17,-26,18,CW;
Line,-26,17,-29,17;
Line,-29,25,-29,27;
Line,-29,27,-26,27;
Arc,-26,27,-26,25,-26,26,CW;
Line,-26,25,-29,25;
Arc,-44,13,-44,15,-44,14,CW;
Line,-44,15,-41,15;
Line,-41,15,-41,13;
Line,-41,13,-44,13;
Arc,-44,21,-44,23,-44,22,CW;
Line,-44,23,-41,23;
Line,-41,23,-41,21;
Line,-41,21,-44,21;
Arc,-44,17,-44,19,-44,18,CW;
Line,-44,19,-41,19;
Line,-41,19,-41,17;
Line,-41,17,-44,17;
Arc,-44,25,-44,27,-44,26,CW;
Line,-44,27,-41,27;
Line,-41,27,-41,25;
Line,-41,25,-44,25;
Line,-40,7,-40,29;
Line,-40,29,-30,29;
Line,-30,29,-30,7;
Line,-30,7,-33,7;
Arc,-33,7,-37,7,-35,7,CCW;
Line,-37,7,-40,7;
Line,-38,27,-38,10;
Line,-38,10,-32,10;
Line,-32,10,-32,27;
Line,-32,27,-38,27;
Line,-29,9,-29,11;
Line,-29,11,-26,11;
Arc,-26,11,-26,9,-26,10,CW;
Line,-26,9,-29,9;
Line,-40,7,-41,6;
Line,-44,11,-44,9;
Line,-44,27,-44,25;
Line,-43,27,-43,25;
Line,-36,14,-34,14;
Arc,-36,16,-34,16,-35,16,CCW;
Line,-30,7,-29,6;
Line,-26,11,-26,9;
Line,-27,11,-27,9;
Line,-26,15,-26,13;
Line,-27,15,-27,13;
Line,-26,23,-26,21;
Line,-43,11,-43,9;
Line,-26,19,-26,17;
Line,-27,19,-27,17;
Line,-27,23,-27,21;
Line,-30,29,-29,30;
Line,-26,27,-26,25;
Line,-27,27,-27,25;
Line,-44,15,-44,13;
Line,-43,15,-43,13;
Line,-44,19,-44,17;
Line,-44,23,-44,21;
Line,-43,23,-43,21;
Line,-43,19,-43,17;
Line,-41,30,-40,29;
End,Q1;