Data,Q2;
Expand,0.5;
NotchSize,4.0;
Line,-27,17,-27,13;
Line,-27,13,-25,13;
Line,-25,13,-25,17;
Line,-25,17,-27,17;
Line,-27,24,-27,20;
Line,-27,20,-25,20;
Line,-25,20,-25,24;
Line,-25,24,-27,24;
Line,4,29,4,34;
Line,4,34,5,34;
Line,5,34,5,38;
Line,5,38,8,38;
Line,8,38,8,34;
Line,8,34,9,34;
Line,9,34,9,29;
Line,9,29,4,29;
Arc,9.4142,13,9.4142,13,8,13,CCW;
Arc,9.4142,20,9.4142,20,8,20,CCW;
Arc,20.4142,13,20.4142,13,19,13,CCW;
Arc,20.4142,20,20.4142,20,19,20,CCW;
Line,14,29,14,34;
Line,14,34,15,34;
Line,15,34,15,38;
Line,15,38,18,38;
Line,18,38,18,34;
Line,18,34,19,34;
Line,19,34,19,29;
Line,19,29,14,29;
Line,25,17,25,13;
Line,25,13,27,13;
Line,27,13,27,17;
Line,27,17,25,17;
Line,-25,-25,-25,25;
Line,-25,25,25,25;
Line,25,25,25,-25;
Line,25,-25,17,-25;
Line,17,-25,17,-21;
Line,17,-21,15,-21;
Line,15,-21,15,-25;
Line,15,-25,12,-25;
Line,12,-25,12,-23;
Line,12,-23,-12,-23;
Line,-12,-23,-12,-25;
Line,-12,-25,-15,-25;
Line,-15,-25,-15,-21;
Line,-15,-21,-17,-21;
Line,-17,-21,-17,-25;
Line,-17,-25,-25,-25;
Arc,-17.5858,13,-17.5858,13,-19,13,CCW;
Arc,-17.5858,20,-17.5858,20,-19,20,CCW;
Line,-23,25,-23,29;
Line,-23,29,23,29;
Line,23,29,23,25;
Line,23,25,-23,25;
Line,-16,29,-16,34;
Line,-16,34,-15,34;
Line,-15,34,-15,38;
Line,-15,38,-12,38;
Line,-12,38,-12,34;
Line,-12,34,-11,34;
Line,-11,34,-11,29;
Line,-11,29,-16,29;
Arc,-6.5858,13,-6.5858,13,-8,13,CCW;
Arc,-6.5858,20,-6.5858,20,-8,20,CCW;
Line,-6,29,-6,34;
Line,-6,34,-5,34;
Line,-5,34,-5,38;
Line,-5,38,-2,38;
Line,-2,38,-2,34;
Line,-2,34,-1,34;
Line,-1,34,-1,29;
Line,-1,29,-6,29;
Arc,-26.4488,-25,-29.4488,3,-1.0839,-8.1216,CW;
Line,-29.4488,3,-26.4488,3;
Arc,-26.4488,3,-23.4488,-25,1.9161,-8.1216,CCW;
Line,-26,-25,-25,-25;
Line,26.5512,3,29.5512,3;
Line,25,24,27,24;
Line,27,24,27,20;
Line,-15,34,-12,34;
Line,-6,34,-1,34;
Line,-2,25,-2,17;
Line,-2,17,0,15;
Line,0,15,0,3;
Line,0,3,-2,1;
Line,-2,1,-2,-13;
Line,-2,-13,0,-15;
Line,0,-15,0,-23;
Line,0,25,0,17;
Line,0,17,2,15;
Line,2,15,2,3;
Line,2,3,0,1;
Line,0,1,0,-13;
Line,0,-13,2,-15;
Line,2,-15,2,-23;
Line,4,34,9,34;
Line,9,34,9,33;
Line,15,34,20,34;
Arc,29.4488,3,26.4488,-25,1.0839,-8.1216,CW;
Line,26.4488,-25,23,-25;
Arc,23,-25,26,3,-2.3649,-8.1216,CCW;
End,Q2;