Data,Q3;
Expand,0;
NotchSize,3.0;
Line,-30,-11,-30,-10;
Arc,-30,-10,-30,10,-30,0,CW;
Line,-30,10,-30,11;
Line,-30,11,30,11;
Line,30,11,30,10;
Arc,30,10,30,-10,30,0,CW;
Line,30,-10,30,-11;
Line,30,-11,-30,-11;
Arc,-30,-5,-30,5,-30,0,CW;
Line,-30,5,30,5;
Arc,30,5,30,-5,30,0,CW;
Line,30,-5,-30,-5;
Line,-13,-15,-13,-17;
Line,-13,-17,-5,-17;
Line,-5,-17,-5,-15;
Line,-5,-15,-13,-15;
Line,-4,17,-4,15;
Line,-4,15,4,15;
Line,4,15,4,17;
Line,4,17,-4,17;
Line,5,-15,5,-17;
Line,5,-17,13,-17;
Line,13,-17,13,-15;
Line,13,-15,5,-15;
Line,14,17,14,15;
Line,14,15,22,15;
Line,22,15,22,17;
Line,22,17,14,17;
Line,25,-13,25,-16;
Line,25,-16,30,-16;
Line,30,-16,30,-13;
Line,30,-13,25,-13;
Arc,32.1623,0,32.1623,0,29,0,CCW;
Line,25,16,25,13;
Line,25,13,30,13;
Line,30,13,30,16;
Line,30,16,25,16;
Line,-30,-13,-30,-16;
Line,-30,-16,-25,-16;
Line,-25,-16,-25,-13;
Line,-25,-13,-30,-13;
Line,-28,-11,-28,-13;
Line,-28,-13,28,-13;
Line,28,-13,28,-11;
Line,28,-11,-28,-11;
Arc,-25.8377,0,-25.8377,0,-29,0,CCW;
Line,-28,13,-28,11;
Line,-28,11,28,11;
Line,28,11,28,13;
Line,28,13,-28,13;
Line,-30,16,-30,13;
Line,-30,13,-25,13;
Line,-25,13,-25,16;
Line,-25,16,-30,16;
Line,-22,-16,-22,-15;
Line,-22,-15,-25,-15;
Line,-25,-15,-25,-13;
Line,-25,-13,25,-13;
Line,25,-13,25,-15;
Line,25,-15,22,-15;
Line,22,-15,22,-16;
Line,22,-16,14,-16;
Line,14,-16,14,-15;
Line,14,-15,4,-15;
Line,4,-15,4,-16;
Line,4,-16,-4,-16;
Line,-4,-16,-4,-15;
Line,-4,-15,-14,-15;
Line,-14,-15,-14,-16;
Line,-14,-16,-22,-16;
Line,-22,17,-22,15;
Line,-22,15,-14,15;
Line,-14,15,-14,17;
Line,-14,17,-22,17;
Line,-25,13,-25,15;
Line,-25,15,-13,15;
Line,-13,15,-13,16;
Line,-13,16,-5,16;
Line,-5,16,-5,15;
Line,-5,15,5,15;
Line,5,15,5,16;
Line,5,16,13,16;
Line,13,16,13,15;
Line,13,15,25,15;
Line,25,15,25,13;
Line,25,13,-25,13;
Line,-29,2,-29,-2;
Line,-31,0,-27,0;
Line,27,0,31,0;
End,Q3;